(1,(17,24))
(1,(17,22))
(1,(16,20))
(1,(15,19))
(1,(13,19))
(1,(12,18))
(1,(10,18))
(1,(9,17))
(1,(8,17))
(1,(6,16))
(1,(4,16))
(1,(3,15))
(1,(2,14))
(1,(1,12))
(1,(1,10))
(1,(1,9))
(1,(1,7))
(1,(2,5))
(1,(3,4))
(1,(4,3))
(1,(6,3))
(1,(7,2))
(1,(9,2))
(1,(10,2))
(1,(12,2))
(1,(13,2))
(1,(15,2))
(1,(17,3))
(1,(18,4))
(1,(19,5))
(1,(20,7))
(1,(20,8))
(1,(21,9))
(1,(20,10))
(1,(19,10))
(1,(17,10))
(1,(17,9))
(1,(16,7))
(1,(15,6))
(1,(14,5))
(1,(12,5))
(1,(11,5))
(1,(9,5))
(1,(8,5))
(1,(6,6))
(1,(5,8))
(1,(5,9))
(1,(5,11))
(1,(6,12))
(1,(7,13))
(1,(9,14))
(1,(10,14))
(1,(12,15))
(1,(13,15))
(1,(15,16))
(1,(16,16))
(1,(18,17))
(1,(19,18))
(1,(20,19))
(1,(20,21))
(1,(21,22))
(1,(21,24))
(1,(21,25))
(1,(20,27))
(1,(19,28))
(1,(18,29))
(1,(17,30))
(1,(15,31))
(1,(13,31))
(1,(12,31))
(1,(10,31))
(1,(9,31))
(1,(7,31))
(1,(5,30))
(1,(4,29))
(1,(3,29))
(1,(2,27))
(1,(1,26))
(1,(1,24))
(1,(0,23))
(1,(2,23))
(1,(3,23))
(1,(4,23))
(1,(4,25))
(1,(5,26))
(1,(6,27))
(1,(8,27))
(1,(10,28))
(1,(11,28))
(1,(13,28))
(1,(14,27))
(1,(16,26))
(1,(17,25))
(1,(17,24))
(0,(30,31))
(1,(28,31))
(1,(27,31))
(1,(26,30))
(1,(26,28))
(1,(26,26))
(1,(26,25))
(1,(26,23))
(1,(26,22))
(1,(26,20))
(1,(26,18))
(1,(26,17))
(1,(26,15))
(1,(26,14))
(1,(26,12))
(1,(26,10))
(1,(26,9))
(1,(26,7))
(1,(26,5))
(1,(26,4))
(1,(26,2))
(1,(26,1))
(1,(27,0))
(1,(29,0))
(1,(30,0))
(1,(30,2))
(1,(30,3))
(1,(30,5))
(1,(30,7))
(1,(30,8))
(1,(30,10))
(1,(30,11))
(1,(30,13))
(1,(30,15))
(1,(30,16))
(1,(30,18))
(1,(30,19))
(1,(30,21))
(1,(30,23))
(1,(30,24))
(1,(30,26))
(1,(30,27))
(1,(30,29))
(0,(40,31))
(1,(39,31))
(1,(37,31))
(1,(36,30))
(1,(36,28))
(1,(36,26))
(1,(36,25))
(1,(36,23))
(1,(36,22))
(1,(36,20))
(1,(36,18))
(1,(36,17))
(1,(36,15))
(1,(36,14))
(1,(36,12))
(1,(36,10))
(1,(37,9))
(1,(39,9))
(1,(40,9))
(1,(40,11))
(1,(40,12))
(1,(40,14))
(1,(40,16))
(1,(40,17))
(1,(40,19))
(1,(40,20))
(1,(40,22))
(1,(40,24))
(1,(40,25))
(1,(40,27))
(1,(40,29))
(1,(40,30))
(1,(39,4))
(1,(38,4))
(1,(36,3))
(1,(36,2))
(1,(36,0))
(1,(38,0))
(1,(40,0))
(1,(40,1))
(1,(40,2))
(0,(55,28))
(1,(56,28))
(1,(58,27))
(1,(59,26))
(1,(60,25))
(1,(61,24))
(1,(62,24))
(1,(63,25))
(1,(63,26))
(1,(62,27))
(1,(61,29))
(1,(60,30))
(1,(59,31))
(1,(57,31))
(1,(55,31))
(1,(54,31))
(1,(52,31))
(1,(50,30))
(1,(49,29))
(1,(48,28))
(1,(47,27))
(1,(46,25))
(1,(46,24))
(1,(46,22))
(1,(46,20))
(1,(46,19))
(1,(46,17))
(1,(46,16))
(1,(47,15))
(1,(47,13))
(1,(48,12))
(1,(49,11))
(1,(51,10))
(1,(52,9))
(1,(54,9))
(1,(55,9))
(1,(57,9))
(1,(59,10))
(1,(60,10))
(1,(61,11))
(1,(62,12))
(1,(63,14))
(1,(63,16))
(1,(63,17))
(1,(61,17))
(1,(60,17))
(1,(60,15))
(1,(59,14))
(1,(57,12))
(1,(56,12))
(1,(54,12))
(1,(53,12))
(1,(52,14))
(1,(50,15))
(1,(50,16))
(1,(49,18))
(1,(49,19))
(1,(49,21))
(1,(49,23))
(1,(50,24))
(1,(50,26))
(1,(52,27))
(1,(53,27))
(1,(54,28))
(0,(72,15))
(1,(74,15))
(1,(76,15))
(1,(77,15))
(1,(79,14))
(1,(80,13))
(1,(81,11))
(1,(81,10))
(1,(81,8))
(1,(80,7))
(1,(79,5))
(1,(77,5))
(1,(76,5))
(1,(74,5))
(1,(72,5))
(1,(71,7))
(1,(71,8))
(1,(70,10))
(1,(69,10))
(1,(67,10))
(1,(67,8))
(1,(68,7))
(1,(68,5))
(1,(69,4))
(1,(71,3))
(1,(72,2))
(1,(74,2))
(1,(75,2))
(1,(77,2))
(1,(78,2))
(1,(80,2))
(1,(82,3))
(1,(83,4))
(1,(84,5))
(1,(84,7))
(1,(84,9))
(1,(84,10))
(1,(84,12))
(1,(83,14))
(1,(83,15))
(1,(81,16))
(1,(81,16))
(1,(82,17))
(1,(83,18))
(1,(84,19))
(1,(85,21))
(1,(85,23))
(1,(85,24))
(1,(84,26))
(1,(84,27))
(1,(83,29))
(1,(82,30))
(1,(80,30))
(1,(79,31))
(1,(77,31))
(1,(76,31))
(1,(74,31))
(1,(72,31))
(1,(71,30))
(1,(70,29))
(1,(68,28))
(1,(68,27))
(1,(67,25))
(1,(67,24))
(1,(68,23))
(1,(70,23))
(1,(71,24))
(1,(71,25))
(1,(72,27))
(1,(74,27))
(1,(75,28))
(1,(76,28))
(1,(78,27))
(1,(79,27))
(1,(81,26))
(1,(81,24))
(1,(81,23))
(1,(81,21))
(1,(81,19))
(1,(79,18))
(1,(78,18))
(1,(76,18))
(1,(75,18))
(1,(73,18))
(1,(72,16))
(1,(72,15))
(0,(100,13))
(1,(99,13))
(1,(97,13))
(1,(96,14))
(1,(94,15))
(1,(94,16))
(1,(94,18))
(1,(94,19))
(1,(94,21))
(1,(94,23))
(1,(94,24))
(1,(94,26))
(1,(94,27))
(1,(94,29))
(1,(94,31))
(1,(93,31))
(1,(91,31))
(1,(90,30))
(1,(90,28))
(1,(90,26))
(1,(90,25))
(1,(90,23))
(1,(90,22))
(1,(90,20))
(1,(90,18))
(1,(90,17))
(1,(90,15))
(1,(90,14))
(1,(90,12))
(1,(90,10))
(1,(91,9))
(1,(92,9))
(1,(94,10))
(1,(94,11))
(1,(94,12))
(1,(96,11))
(1,(97,10))
(1,(98,9))
(1,(100,9))
(1,(101,10))
(1,(101,11))
(1,(100,13))
(0,(120,34))
(1,(118,34))
(1,(116,34))
(1,(115,34))
(1,(113,34))
(1,(112,34))
(1,(110,34))
(1,(108,34))
(1,(107,34))
(1,(105,34))
(1,(104,34))
(1,(102,34))
(1,(101,32))
(1,(101,31))
(1,(103,31))
(1,(104,31))
(1,(106,31))
(1,(107,31))
(1,(109,31))
(1,(111,31))
(1,(112,31))
(1,(114,31))
(1,(115,31))
(1,(117,31))
(1,(119,31))
(1,(120,32))
(1,(120,33))
(0,(128,2))
(1,(129,3))
(1,(129,5))
(1,(130,7))
(1,(130,8))
(1,(131,10))
(1,(131,11))
(1,(132,12))
(1,(133,14))
(1,(134,16))
(1,(134,17))
(1,(135,18))
(1,(135,20))
(1,(136,22))
(1,(136,23))
(1,(137,25))
(1,(137,25))
(1,(138,23))
(1,(139,22))
(1,(140,20))
(1,(140,19))
(1,(141,17))
(1,(141,16))
(1,(142,14))
(1,(142,13))
(1,(143,11))
(1,(143,10))
(1,(144,8))
(1,(145,7))
(1,(145,5))
(1,(146,4))
(1,(147,2))
(1,(148,2))
(1,(150,2))
(1,(151,2))
(1,(151,3))
(1,(151,5))
(1,(151,7))
(1,(151,8))
(1,(151,10))
(1,(151,11))
(1,(151,13))
(1,(151,15))
(1,(151,16))
(1,(151,18))
(1,(151,19))
(1,(151,21))
(1,(151,23))
(1,(151,24))
(1,(151,26))
(1,(151,27))
(1,(151,29))
(1,(151,31))
(1,(150,31))
(1,(148,31))
(1,(148,30))
(1,(148,28))
(1,(148,26))
(1,(148,25))
(1,(148,23))
(1,(148,22))
(1,(148,20))
(1,(148,18))
(1,(148,17))
(1,(148,15))
(1,(148,14))
(1,(148,12))
(1,(148,10))
(1,(148,9))
(1,(148,8))
(1,(147,10))
(1,(147,11))
(1,(146,12))
(1,(145,14))
(1,(144,16))
(1,(144,17))
(1,(143,19))
(1,(143,20))
(1,(142,22))
(1,(142,23))
(1,(141,25))
(1,(141,26))
(1,(140,27))
(1,(139,29))
(1,(138,31))
(1,(137,31))
(1,(136,30))
(1,(135,29))
(1,(135,27))
(1,(134,26))
(1,(134,24))
(1,(133,23))
(1,(132,21))
(1,(131,20))
(1,(131,18))
(1,(130,17))
(1,(130,15))
(1,(129,14))
(1,(129,12))
(1,(128,11))
(1,(127,9))
(1,(127,8))
(1,(127,9))
(1,(127,11))
(1,(127,12))
(1,(127,14))
(1,(127,16))
(1,(127,17))
(1,(127,19))
(1,(127,20))
(1,(127,22))
(1,(127,24))
(1,(127,25))
(1,(127,27))
(1,(127,29))
(1,(127,30))
(1,(126,31))
(1,(125,31))
(1,(123,30))
(1,(123,29))
(1,(123,27))
(1,(123,25))
(1,(123,24))
(1,(123,22))
(1,(123,20))
(1,(123,19))
(1,(123,17))
(1,(123,16))
(1,(123,14))
(1,(123,12))
(1,(123,11))
(1,(123,9))
(1,(123,8))
(1,(123,6))
(1,(123,4))
(1,(123,3))
(1,(124,2))
(1,(126,2))
(1,(127,2))
(0,(166,31))
(1,(165,31))
(1,(164,31))
(1,(162,30))
(1,(160,29))
(1,(159,28))
(1,(158,27))
(1,(158,25))
(1,(157,24))
(1,(157,22))
(1,(157,20))
(1,(157,19))
(1,(157,17))
(1,(157,16))
(1,(158,14))
(1,(159,13))
(1,(160,12))
(1,(161,11))
(1,(163,10))
(1,(164,9))
(1,(166,9))
(1,(167,9))
(1,(169,9))
(1,(170,10))
(1,(172,11))
(1,(173,12))
(1,(174,14))
(1,(174,15))
(1,(174,16))
(1,(175,18))
(1,(175,19))
(1,(174,21))
(1,(173,21))
(1,(171,21))
(1,(170,21))
(1,(168,21))
(1,(166,21))
(1,(165,21))
(1,(163,21))
(1,(162,21))
(1,(161,22))
(1,(161,24))
(1,(162,25))
(1,(163,26))
(1,(164,27))
(1,(165,28))
(1,(167,28))
(1,(169,28))
(1,(170,27))
(1,(172,27))
(1,(173,26))
(1,(173,27))
(1,(174,29))
(1,(172,30))
(1,(171,30))
(1,(170,31))
(1,(168,31))
(1,(166,12))
(1,(164,12))
(1,(163,14))
(1,(162,15))
(1,(162,16))
(1,(161,18))
(1,(163,18))
(1,(164,18))
(1,(166,18))
(1,(167,18))
(1,(169,18))
(1,(171,18))
(1,(171,17))
(1,(171,15))
(1,(170,14))
(1,(169,12))
(1,(167,12))
(0,(184,4))
(1,(184,6))
(1,(184,8))
(1,(184,9))
(1,(186,9))
(1,(187,9))
(1,(188,10))
(1,(188,11))
(1,(187,12))
(1,(186,12))
(1,(184,12))
(1,(184,14))
(1,(184,16))
(1,(184,17))
(1,(184,19))
(1,(184,20))
(1,(184,22))
(1,(184,24))
(1,(184,25))
(1,(185,27))
(1,(186,28))
(1,(187,28))
(1,(188,29))
(1,(188,30))
(1,(187,31))
(1,(186,31))
(1,(184,31))
(1,(182,30))
(1,(181,29))
(1,(181,27))
(1,(180,26))
(1,(180,25))
(1,(180,23))
(1,(180,22))
(1,(180,20))
(1,(180,18))
(1,(180,17))
(1,(180,15))
(1,(180,14))
(1,(180,12))
(1,(178,12))
(1,(177,12))
(1,(177,10))
(1,(178,9))
(1,(179,9))
(1,(180,9))
(1,(180,7))
(1,(180,5))
(1,(181,4))
(1,(182,4))
(1,(184,4))
(0,(206,31))
(1,(206,29))
(1,(206,27))
(1,(204,29))
(1,(203,30))
(1,(202,31))
(1,(200,31))
(1,(199,31))
(1,(197,31))
(1,(196,31))
(1,(194,30))
(1,(193,29))
(1,(193,27))
(1,(192,25))
(1,(192,24))
(1,(193,22))
(1,(194,21))
(1,(195,20))
(1,(196,19))
(1,(198,19))
(1,(200,18))
(1,(201,18))
(1,(203,18))
(1,(204,18))
(1,(206,18))
(1,(206,16))
(1,(206,15))
(1,(204,14))
(1,(203,12))
(1,(202,12))
(1,(200,12))
(1,(199,12))
(1,(198,14))
(1,(197,15))
(1,(195,15))
(1,(194,15))
(1,(193,14))
(1,(194,13))
(1,(195,11))
(1,(196,10))
(1,(198,10))
(1,(199,9))
(1,(201,9))
(1,(202,9))
(1,(204,9))
(1,(206,10))
(1,(207,10))
(1,(208,11))
(1,(209,13))
(1,(209,15))
(1,(209,16))
(1,(209,18))
(1,(209,19))
(1,(209,21))
(1,(209,23))
(1,(209,24))
(1,(209,26))
(1,(209,27))
(1,(210,29))
(1,(210,31))
(1,(209,31))
(1,(207,31))
(1,(200,28))
(1,(202,27))
(1,(203,27))
(1,(204,26))
(1,(206,25))
(1,(206,23))
(1,(206,22))
(1,(204,21))
(1,(203,21))
(1,(201,21))
(1,(200,21))
(1,(198,22))
(1,(197,23))
(1,(196,24))
(1,(196,26))
(1,(197,27))
(1,(199,27))
(0,(218,9))
(1,(219,11))
(1,(219,12))
(1,(220,11))
(1,(222,10))
(1,(223,9))
(1,(225,9))
(1,(226,9))
(1,(228,9))
(1,(229,10))
(1,(230,11))
(1,(231,13))
(1,(232,12))
(1,(233,11))
(1,(235,10))
(1,(236,9))
(1,(238,9))
(1,(239,9))
(1,(240,10))
(1,(242,10))
(1,(243,12))
(1,(244,13))
(1,(244,15))
(1,(245,16))
(1,(245,18))
(1,(245,19))
(1,(245,21))
(1,(245,23))
(1,(245,24))
(1,(245,26))
(1,(245,27))
(1,(245,29))
(1,(245,31))
(1,(243,31))
(1,(242,31))
(1,(241,30))
(1,(241,28))
(1,(241,26))
(1,(241,25))
(1,(241,23))
(1,(241,22))
(1,(241,20))
(1,(241,18))
(1,(241,17))
(1,(240,15))
(1,(240,14))
(1,(239,12))
(1,(237,12))
(1,(236,12))
(1,(234,13))
(1,(233,14))
(1,(232,15))
(1,(232,17))
(1,(232,18))
(1,(232,20))
(1,(232,22))
(1,(232,23))
(1,(232,25))
(1,(232,26))
(1,(232,28))
(1,(232,30))
(1,(231,31))
(1,(230,31))
(1,(228,31))
(1,(228,29))
(1,(228,27))
(1,(228,26))
(1,(228,24))
(1,(228,23))
(1,(228,21))
(1,(228,19))
(1,(228,18))
(1,(228,16))
(1,(228,15))
(1,(226,13))
(1,(225,12))
(1,(224,12))
(1,(222,12))
(1,(221,13))
(1,(220,14))
(1,(219,16))
(1,(219,17))
(1,(219,19))
(1,(219,20))
(1,(219,22))
(1,(219,24))
(1,(219,25))
(1,(219,27))
(1,(219,29))
(1,(219,30))
(1,(218,31))
(1,(216,31))
(1,(215,30))
(1,(215,29))
(1,(215,27))
(1,(215,25))
(1,(215,24))
(1,(215,22))
(1,(215,20))
(1,(215,19))
(1,(215,17))
(1,(215,16))
(1,(215,14))
(1,(215,12))
(1,(215,11))
(1,(215,9))
(1,(217,9))
(1,(218,9))
(0,(264,31))
(1,(263,29))
(1,(263,27))
(1,(262,29))
(1,(261,30))
(1,(259,31))
(1,(258,31))
(1,(256,31))
(1,(254,31))
(1,(253,31))
(1,(252,30))
(1,(251,29))
(1,(250,27))
(1,(250,25))
(1,(250,24))
(1,(250,22))
(1,(251,21))
(1,(252,20))
(1,(254,19))
(1,(255,18))
(1,(257,18))
(1,(258,18))
(1,(260,18))
(1,(261,18))
(1,(263,18))
(1,(263,16))
(1,(263,15))
(1,(262,14))
(1,(261,12))
(1,(259,12))
(1,(258,12))
(1,(256,12))
(1,(255,14))
(1,(254,15))
(1,(253,15))
(1,(251,15))
(1,(251,14))
(1,(251,13))
(1,(252,11))
(1,(253,10))
(1,(255,10))
(1,(257,9))
(1,(258,9))
(1,(260,9))
(1,(261,9))
(1,(263,10))
(1,(264,10))
(1,(265,11))
(1,(266,13))
(1,(267,15))
(1,(267,16))
(1,(267,18))
(1,(267,19))
(1,(267,21))
(1,(267,23))
(1,(267,24))
(1,(267,26))
(1,(267,27))
(1,(267,29))
(1,(267,31))
(1,(266,31))
(1,(264,31))
(1,(258,28))
(1,(259,27))
(1,(261,27))
(1,(262,26))
(1,(263,24))
(1,(263,23))
(1,(263,22))
(1,(262,21))
(1,(260,21))
(1,(259,21))
(1,(257,21))
(1,(255,22))
(1,(254,23))
(1,(253,24))
(1,(253,26))
(1,(254,27))
(1,(256,27))
(0,(277,4))
(1,(277,6))
(1,(277,8))
(1,(277,9))
(1,(279,9))
(1,(281,9))
(1,(282,10))
(1,(282,11))
(1,(281,12))
(1,(279,12))
(1,(277,12))
(1,(277,14))
(1,(277,16))
(1,(277,17))
(1,(277,19))
(1,(277,20))
(1,(277,22))
(1,(277,24))
(1,(277,25))
(1,(278,27))
(1,(279,28))
(1,(281,28))
(1,(281,29))
(1,(282,30))
(1,(281,31))
(1,(279,31))
(1,(277,31))
(1,(276,30))
(1,(275,29))
(1,(274,27))
(1,(274,26))
(1,(274,25))
(1,(274,23))
(1,(274,22))
(1,(274,20))
(1,(274,18))
(1,(274,17))
(1,(274,15))
(1,(274,14))
(1,(273,12))
(1,(272,12))
(1,(271,12))
(1,(271,10))
(1,(271,9))
(1,(273,9))
(1,(274,9))
(1,(274,7))
(1,(274,5))
(1,(274,4))
(1,(276,4))
(1,(277,4))
(0,(295,31))
(1,(294,31))
(1,(292,31))
(1,(290,30))
(1,(289,29))
(1,(288,28))
(1,(287,27))
(1,(287,25))
(1,(286,24))
(1,(286,22))
(1,(286,20))
(1,(286,19))
(1,(286,17))
(1,(286,16))
(1,(287,14))
(1,(288,13))
(1,(289,12))
(1,(290,11))
(1,(291,10))
(1,(293,9))
(1,(294,9))
(1,(296,9))
(1,(297,9))
(1,(299,10))
(1,(300,11))
(1,(302,12))
(1,(302,14))
(1,(303,15))
(1,(303,16))
(1,(303,18))
(1,(303,19))
(1,(303,21))
(1,(302,21))
(1,(300,21))
(1,(298,21))
(1,(297,21))
(1,(295,21))
(1,(294,21))
(1,(292,21))
(1,(290,21))
(1,(289,22))
(1,(290,24))
(1,(290,25))
(1,(291,26))
(1,(293,27))
(1,(294,28))
(1,(296,28))
(1,(297,28))
(1,(298,27))
(1,(300,27))
(1,(301,26))
(1,(302,27))
(1,(302,29))
(1,(301,30))
(1,(299,30))
(1,(298,31))
(1,(296,31))
(1,(294,12))
(1,(293,12))
(1,(291,14))
(1,(290,15))
(1,(290,16))
(1,(290,18))
(1,(291,18))
(1,(293,18))
(1,(295,18))
(1,(296,18))
(1,(298,18))
(1,(299,18))
(1,(299,17))
(1,(299,15))
(1,(298,14))
(1,(297,12))
(1,(295,12))
(0,(318,13))
(1,(316,13))
(1,(315,13))
(1,(313,14))
(1,(312,15))
(1,(311,16))
(1,(311,18))
(1,(311,19))
(1,(311,21))
(1,(311,23))
(1,(311,24))
(1,(311,26))
(1,(311,27))
(1,(311,29))
(1,(311,31))
(1,(310,31))
(1,(308,31))
(1,(308,30))
(1,(308,28))
(1,(308,26))
(1,(308,25))
(1,(308,23))
(1,(308,22))
(1,(308,20))
(1,(308,18))
(1,(308,17))
(1,(308,15))
(1,(308,14))
(1,(308,12))
(1,(308,10))
(1,(308,9))
(1,(310,9))
(1,(311,10))
(1,(311,11))
(1,(312,12))
(1,(313,11))
(1,(314,10))
(1,(316,9))
(1,(317,9))
(1,(318,10))
(1,(318,11))
(1,(318,13))
(0,(326,31))
(1,(324,31))
(1,(323,31))
(1,(322,30))
(1,(322,28))
(1,(322,26))
(1,(322,25))
(1,(322,23))
(1,(322,22))
(1,(322,20))
(1,(322,18))
(1,(322,17))
(1,(322,15))
(1,(322,14))
(1,(322,12))
(1,(322,10))
(1,(323,9))
(1,(324,9))
(1,(326,9))
(1,(326,11))
(1,(326,12))
(1,(326,14))
(1,(326,16))
(1,(326,17))
(1,(326,19))
(1,(326,20))
(1,(326,22))
(1,(326,24))
(1,(326,25))
(1,(326,27))
(1,(326,29))
(1,(326,30))
(1,(324,4))
(1,(323,4))
(1,(322,3))
(1,(322,2))
(1,(322,0))
(1,(323,0))
(1,(325,0))
(1,(326,1))
(1,(326,2))
(0,(345,31))
(1,(345,29))
(1,(344,27))
(1,(343,29))
(1,(342,30))
(1,(340,31))
(1,(339,31))
(1,(338,31))
(1,(336,31))
(1,(334,31))
(1,(333,30))
(1,(332,29))
(1,(331,27))
(1,(331,25))
(1,(331,24))
(1,(331,22))
(1,(332,21))
(1,(333,20))
(1,(335,19))
(1,(337,18))
(1,(338,18))
(1,(340,18))
(1,(341,18))
(1,(343,18))
(1,(344,18))
(1,(344,16))
(1,(344,15))
(1,(344,14))
(1,(342,12))
(1,(340,12))
(1,(339,12))
(1,(338,12))
(1,(336,14))
(1,(335,15))
(1,(334,15))
(1,(333,15))
(1,(332,14))
(1,(333,13))
(1,(333,11))
(1,(335,10))
(1,(336,10))
(1,(338,9))
(1,(339,9))
(1,(341,9))
(1,(342,9))
(1,(344,10))
(1,(346,10))
(1,(347,11))
(1,(347,13))
(1,(348,15))
(1,(348,16))
(1,(348,18))
(1,(348,19))
(1,(348,21))
(1,(348,23))
(1,(348,24))
(1,(348,26))
(1,(348,27))
(1,(348,29))
(1,(349,31))
(1,(347,31))
(1,(346,31))
(1,(339,28))
(1,(340,27))
(1,(342,27))
(1,(344,26))
(1,(344,24))
(1,(344,23))
(1,(344,22))
(1,(343,21))
(1,(341,21))
(1,(340,21))
(1,(338,21))
(1,(337,22))
(1,(335,23))
(1,(335,24))
(1,(335,26))
(1,(335,27))
(1,(337,27))
(0,(358,31))
(1,(356,31))
(1,(355,31))
(1,(354,30))
(1,(354,28))
(1,(354,26))
(1,(354,25))
(1,(354,23))
(1,(354,22))
(1,(354,20))
(1,(354,18))
(1,(354,17))
(1,(354,15))
(1,(354,14))
(1,(354,12))
(1,(354,10))
(1,(354,9))
(1,(354,7))
(1,(354,5))
(1,(354,4))
(1,(354,2))
(1,(354,1))
(1,(355,0))
(1,(356,0))
(1,(358,0))
(1,(358,2))
(1,(358,3))
(1,(358,5))
(1,(358,7))
(1,(358,8))
(1,(358,10))
(1,(358,11))
(1,(358,13))
(1,(358,15))
(1,(358,16))
(1,(358,18))
(1,(358,19))
(1,(358,21))
(1,(358,23))
(1,(358,24))
(1,(358,26))
(1,(358,27))
(1,(358,29))
(0,(376,25))
(1,(376,24))
(1,(375,23))
(1,(373,22))
(1,(371,22))
(1,(370,21))
(1,(368,20))
(1,(367,20))
(1,(366,19))
(1,(364,18))
(1,(364,16))
(1,(364,15))
(1,(364,14))
(1,(365,12))
(1,(366,11))
(1,(368,10))
(1,(369,9))
(1,(370,9))
(1,(372,9))
(1,(374,9))
(1,(375,10))
(1,(377,10))
(1,(378,11))
(1,(379,12))
(1,(379,14))
(1,(379,16))
(1,(378,16))
(1,(376,16))
(1,(376,15))
(1,(375,14))
(1,(374,12))
(1,(372,12))
(1,(370,12))
(1,(369,13))
(1,(368,14))
(1,(368,16))
(1,(368,17))
(1,(370,18))
(1,(371,18))
(1,(373,18))
(1,(375,19))
(1,(376,19))
(1,(377,20))
(1,(379,21))
(1,(379,23))
(1,(380,24))
(1,(380,26))
(1,(379,27))
(1,(379,29))
(1,(377,30))
(1,(376,30))
(1,(375,31))
(1,(373,31))
(1,(371,31))
(1,(370,31))
(1,(368,31))
(1,(367,30))
(1,(366,29))
(1,(364,28))
(1,(363,26))
(1,(363,25))
(1,(364,24))
(1,(366,24))
(1,(367,24))
(1,(368,26))
(1,(369,27))
(1,(370,28))
(1,(371,28))
(1,(373,28))
(1,(375,27))
(1,(376,26))
